NAME      : pn01
TYPE      : TPP 
COMMENT   : 
DIMENSION : 21
EDGE_WEIGHT_TYPE  : EUC_2D
DISPLAY_DATA_TYPE : COORD_DISPLAY
NODE_COORD_SECTION :
1 777 915
2 793 335
3 386 492
4 649 421
5 362 27
6 690 59
7 763 926
8 540 426
9 172 736
10 211 368
11 567 429
12 782 530
13 862 123
14 67 135
15 929 802
16 22 58
17 69 167
18 393 456
19 11 42
20 229 373
21 421 919
DEMAND_SECTION :
15
1 95
2 72
3 24
4 12
5 131
6 63
7 31
8 75
9 36
10 84
11 62
12 12
13 86
14 49
15 66
OFFER_SECTION :
1 0
2 6 2 47 9 3 18 3 4 28 13 7 35 16 9 41 14 15 27 16
3 5 3 25 13 4 8 4 5 15 12 10 19 7 14 6 10
4 7 1 9 11 4 13 11 5 37 6 10 1 14 12 47 5 13 27 9 15 45 13
5 9 1 17 7 2 3 11 5 29 17 7 30 3 9 47 7 11 41 6 12 48 6 13 21 14 15 2 8
6 9 1 31 18 3 32 1 4 44 9 7 8 18 8 28 3 10 13 16 11 37 13 12 15 8 13 6 9
7 6 1 13 1 5 41 18 8 13 9 10 30 20 14 11 1 15 20 10
8 8 2 40 12 3 25 6 4 6 1 6 42 18 7 21 4 10 34 5 11 38 1 12 39 2
9 8 1 39 3 3 17 2 4 21 17 5 35 8 6 7 17 10 18 12 13 7 7 15 11 10
10 5 2 50 13 3 38 5 4 6 19 14 10 11 15 18 16
11 9 3 19 1 4 46 7 5 34 19 6 24 11 10 9 6 11 24 19 12 38 5 13 40 1 15 34 1
12 7 1 8 6 3 29 12 4 8 2 5 15 10 6 22 11 8 30 20 12 1 16
13 8 1 10 5 3 19 18 4 39 20 5 26 16 6 39 13 7 25 11 10 34 11 15 8 10
14 9 1 32 17 2 44 13 3 9 2 5 21 19 6 50 5 7 18 2 9 40 6 13 20 10 15 14 8
15 7 1 23 7 3 45 10 6 24 19 7 48 11 8 32 14 11 13 2 14 33 20
16 8 1 41 14 3 43 8 5 42 8 8 8 2 9 16 19 11 22 17 13 8 14 14 25 20
17 9 1 42 5 4 48 11 5 2 12 6 32 20 7 22 1 9 38 13 12 41 3 13 5 18 15 31 4
18 10 1 49 3 2 26 16 3 32 14 4 17 1 8 17 15 9 3 20 10 32 11 11 40 15 13 47 13 14 5 16
19 3 1 39 15 5 31 17 15 19 11
20 10 1 22 15 3 21 7 6 13 3 8 13 20 10 30 17 11 28 10 12 36 13 13 37 19 14 5 1 15 27 20
21 8 3 34 20 5 8 4 8 10 20 9 8 10 10 45 11 11 50 17 13 12 13 14 28 8
EOF
